INFO: 2023-06-21 11:19:04,366: Data
INFO: 2023-06-21 11:19:10,569: Data shape (110527, 14)
INFO: 2023-06-21 11:19:13,181: Percentage of women: 0.653882342398853
INFO: 2023-06-21 11:19:16,399: Percentage of men: 0.346117657601147
ERROR: 2023-06-21 11:19:23,594: Data shape is incorrect!
